6.458 0.495 3.811 1.796 2.500 1.232 1.800 1.800 1.000 1.000 20.000
6.820 0.500 12.389 2.500 2.500 25.000 1.800 1.800 1.000 1.000 20.000
7.500 0.500 27.138 2.500 2.500 10.000 1.800 1.800 1.000 1.000 20.000
15.574 0.500 0.903 26.605 9.315 25.000 1.800 1.800 25.000 0.500 20.000
18.500 1.357 0.162 13.038 25.383 1.926 4.211 4.211 25.843 2.490 8.820
18.500 0.700 12.389 7.919 2.500 25.000 2.500 2.500 1.000 1.000 20.000
21.088 1.357 0.505 26.029 26.862 1.926 29.362 29.362 25.843 2.490 8.820
21.088 1.357 3.760 26.029 25.383 1.926 4.211 4.211 25.843 2.490 20.000
22.596 0.495 22.782 1.796 2.500 1.232 1.800 1.800 1.000 1.000 20.000
24.412 1.567 25.000 26.020 25.383 25.000 2.500 2.500 25.843 2.490 20.000
4.94 0.15 4.45 15.96 1.83 1.96 9.92 9.92 9.33 0.25 39.32
3.53 0.54 5.08 16.61 10.02 6.25 4.68 4.68 1.03 1.32 12.14
7.67 0.51 4.13 15.57 10.02 4.90 4.68 4.68 1.03 1.32 12.14
5.76 0.54 5.08 9.64 10.02 4.90 4.68 4.68 1.03 1.32 12.14
4.94 0.47 4.77 1.02 10.02 4.90 4.68 4.68 1.03 1.32 12.14
8.37 0.54 5.08 9.64 10.02 4.90 4.68 4.68 1.03 1.32 12.14
7.14 0.47 3.10 3.42 10.02 4.90 4.68 4.68 1.03 1.32 12.14
5.22 0.22 4.45 17.70 2.97 1.96 9.92 9.92 9.33 0.25 39.32
3.56 0.51 4.86 5.99 10.02 4.90 4.68 4.68 1.03 1.32 12.14
6.77 0.54 5.08 16.85 10.02 6.25 4.68 4.68 1.03 1.32 12.14
8.09 0.51 3.65 12.08 10.02 4.90 8.88 8.88 1.03 1.32 12.14
9.05 0.49 3.10 1.02 10.02 4.90 4.68 4.68 1.03 1.32 12.14