CA3 6209 4 50 300 1.5 0 0.5 3 0.0002 0.5 276 5 3
CA3 2661 5 50 300 1 0 0.5 3 0.0002 0.5 276 5 3
CA3 34 4 300 600 1 0 0.5 3 0.0002 0.5 276 5 3
CA3 3000 2 -200 0 1 0 0.5 3 0.0002 0.5 276 5 3
CA2 8000 3 -200 0 1 0 0.5 3 0.0002 0.25 330 5 5
EC3 968 5 300 600 1 0 0.5 3 0.0002 0.8 180 3 5
EC3 774 4 300 600 1.5 0 0.5 3 0.0002 0.8 180 3 5
EC2 700 5 300 600 1 0 0.5 3 0.0002 0.8 330 5 5
EC2 1042 4 300 600 1.5 0 0.5 3 0.0002 0.8 330 5 5
Axo 34 2 -200 0 20 -70 0.28 8.4 0.00115 0 185 10 6
Bis 53 3 -200 -50 40 -70 0.11 9.70 0.00051 0 1 5 5
Bis 3 3 -50 0 40 -70 0.11 9.70 0.00051 0 1 5 5
Bis 4 6 0 150 40 -70 0.11 9.70 0.00051 0 1 5 5
Bis 44 6 0 300 40 -70 0.11 9.70 0.00051 0 1 5 5
CCK 37 3 -50 0 60 -70 0.2 4.2 0.00052 0.25 174 3 5
CCK 37 5 0 150 60 -70 0.2 4.2 0.00052 0.25 174 3 5
CCK 30 1 -10 10 60 -70 0.2 4.2 0.00052 0.25 174 3 5
CCK 1 5 300 600 60 -70 0.2 4.2 0.00052 0.25 174 3 5
Ivy 169 3 -200 -50 4 -70 1.1 11 0.000041 0.5 31 3 5
Ivy 4 3 -50 0 4 -70 1.1 11 0.000041 0.5 31 3 5
Ivy 4 6 0 150 4 -70 1.1 11 0.000041 0.5 31 3 5
Ivy 211 6 0 300 4 -70 1.1 11 0.000041 0.5 31 3 5
Ivy 34 4 300 600 4 -70 1.1 11 0.000041 0.5 31 3 5
NGF 24 6 0 300 4 -70 9 39 0.000065 0 196 4 8
NGF 116 4 300 600 4 -70 9 39 0.000065 0 196 4 8
OLM 5 3 -200 -50 23 -70 0.13 11 0.0003 0.1 19 6 6
OLM 72 4 300 600 23 -70 0.13 11 0.0003 0.1 19 6 6
PV 61 3 -50 0 50 -70 0.3 6.2 0.0002 0.3 271 15 10
PV 61 5 0 150 50 -70 0.3 6.2 0.0002 0.3 271 15 10
PV 61 1 -10 10 50 -70 0.3 6.2 0.0002 0.3 271 15 10
SCA 1 3 -200 -50 7 -70 0.3 8 0.00037 0 205 5 5
SCA 12 6 0 300 7 -70 0.3 8 0.00037 0 205 5 5
SCA 1 5 300 600 7 -70 0.3 8 0.00037 0 205 5 5